2.440476190476185969e-02
6.004002668445708978e-03
1.495513459621126973e-02
1.453488372093023340e-01
0.000000000000000000e+00
3.993855606758835858e-02
0.000000000000000000e+00
2.833158447009434880e-02
9.290953545232269462e-02
2.304737516005123457e-02
1.304681504221021082e-02
4.716981132075463018e-02
1.511335012594459785e-02
0.000000000000000000e+00
0.000000000000000000e+00
0.000000000000000000e+00
2.185792349726777689e-03
0.000000000000000000e+00
2.628811777076752246e-02
3.826086956521723703e-02
2.685851318944844079e-01
9.584664536741221985e-02
1.451612903225806273e-01
6.881720430107526321e-01
0.000000000000000000e+00
1.335877862595419852e-01
8.955223880597022734e-02
2.702702702702704934e-02
7.575757575757563478e-02
3.597122302158275997e-02
1.591511936339523939e-02
5.196850393700792187e-02
1.716350496838293244e-02
0.000000000000000000e+00
0.000000000000000000e+00
0.000000000000000000e+00
0.000000000000000000e+00
2.952755905511922872e-03
0.000000000000000000e+00
0.000000000000000000e+00
0.000000000000000000e+00
0.000000000000000000e+00
0.000000000000000000e+00
0.000000000000000000e+00
0.000000000000000000e+00
0.000000000000000000e+00
0.000000000000000000e+00
2.303262955854128505e-02
1.314060446780551672e-01
0.000000000000000000e+00
0.000000000000000000e+00
2.122641509433961515e-01
6.655405405405404595e-01
0.000000000000000000e+00
0.000000000000000000e+00
0.000000000000000000e+00
0.000000000000000000e+00
0.000000000000000000e+00
2.358490566037737927e-03
0.000000000000000000e+00
0.000000000000000000e+00
3.773584905660368888e-02
1.607418856259659745e-01
0.000000000000000000e+00
1.519823788546255661e-01
0.000000000000000000e+00
0.000000000000000000e+00
0.000000000000000000e+00
7.184145334434348384e-02
6.149999999999999911e-01
1.768292682926828618e-01
3.558535327488395739e-01
8.437500000000007494e-02
0.000000000000000000e+00
0.000000000000000000e+00
6.993006993006999072e-03
8.777429467084646442e-02
1.214128035320088117e-01
0.000000000000000000e+00
2.397260273972605035e-02
0.000000000000000000e+00
1.108647450110865698e-02
0.000000000000000000e+00
0.000000000000000000e+00
0.000000000000000000e+00
0.000000000000000000e+00
0.000000000000000000e+00
3.227808814400996013e-02
3.480475382003389573e-02
1.400966183574878510e-01
3.636363636363639656e-02
2.482435597189695253e-01
3.826530612244898322e-01
2.233009708737863364e-01
1.111111111111110772e-01
1.856866537717602184e-01
0.000000000000000000e+00
6.938020351526361096e-02
0.000000000000000000e+00
0.000000000000000000e+00
9.195402298850567646e-02
0.000000000000000000e+00
